[(0,1),(2,3),(4,5),(6,7),(8,9),(10,11),(12,13),(14,15),(16,17),(0,17),(1,16),(2,15),(3,10),(4,13),(5,9),(6,11),(7,14),(8,12)]
[(0,1),(2,3),(4,5),(6,7),(8,9),(10,11),(12,13),(14,15),(16,17),(0,9),(1,16),(2,15),(3,14),(4,11),(5,12),(6,13),(7,10),(8,17)]
[(0,1),(2,3),(4,5),(6,7),(8,9),(10,11),(12,13),(14,15),(16,17),(0,17),(1,16),(2,7),(3,14),(4,12),(5,13),(6,11),(8,9),(10,15)]
[(0,1),(2,3),(4,5),(6,7),(8,9),(10,11),(12,13),(14,15),(16,17),(0,17),(1,4),(2,14),(3,15),(5,12),(6,11),(7,9),(8,10),(13,16)]
[(0,1),(2,3),(4,5),(6,7),(8,9),(10,11),(12,13),(14,15),(16,17),(0,9),(1,16),(2,5),(3,14),(4,13),(6,10),(7,11),(8,17),(12,15)]
[(0,1),(2,3),(4,5),(6,7),(8,9),(10,11),(12,13),(14,15),(16,17),(0,17),(1,12),(2,15),(3,10),(4,13),(5,16),(6,9),(7,14),(8,11)]
[(0,1),(2,3),(4,5),(6,7),(8,9),(10,11),(12,13),(14,15),(16,17),(0,10),(1,8),(2,5),(3,14),(4,13),(6,11),(7,17),(9,16),(12,15)]
[(0,1),(2,3),(4,5),(6,7),(8,9),(10,11),(12,13),(14,15),(16,17),(0,17),(1,16),(2,15),(3,10),(4,12),(5,13),(6,9),(7,14),(8,11)]
[(0,1),(2,3),(4,5),(6,7),(8,9),(10,11),(12,13),(14,15),(16,17),(0,17),(1,16),(2,15),(3,7),(4,12),(5,13),(6,9),(8,11),(10,14)]
[(0,1),(2,3),(4,5),(6,7),(8,9),(10,11),(12,13),(14,15),(16,17),(0,17),(1,12),(2,15),(3,10),(4,13),(5,16),(6,8),(7,14),(9,11)]
[(0,1),(2,3),(4,5),(6,7),(8,9),(10,11),(12,13),(14,15),(16,17),(0,10),(1,16),(2,5),(3,14),(4,13),(6,8),(7,17),(9,11),(12,15)]
[(0,1),(2,3),(4,5),(6,7),(8,9),(10,11),(12,13),(14,15),(16,17),(0,17),(1,16),(2,15),(3,10),(4,12),(5,13),(6,8),(7,14),(9,11)]
[(0,1),(2,3),(4,5),(6,7),(8,9),(10,11),(12,13),(14,15),(16,17),(0,17),(1,16),(2,15),(3,7),(4,12),(5,13),(6,8),(9,11),(10,14)]
[(0,1),(2,3),(4,5),(6,7),(8,9),(10,11),(12,13),(14,15),(16,17),(0,17),(1,16),(2,10),(3,14),(4,13),(5,11),(6,12),(7,15)]
[(0,1),(2,3),(4,5),(6,7),(8,9),(10,11),(12,13),(14,15),(16,17),(0,17),(1,9),(2,10),(3,14),(4,13),(5,11),(6,12),(7,15),(8,16)]
[(0,1),(2,3),(4,5),(6,7),(8,9),(10,11),(12,13),(14,15),(16,17),(0,17),(1,7),(2,9),(3,14),(4,13),(5,11),(6,12),(8,15),(10,16)]
[(0,1),(2,3),(4,5),(6,7),(8,9),(10,11),(12,13),(14,15),(16,17),(0,17),(1,16),(2,15),(3,11),(4,9),(5,7),(6,14),(8,13),(10,12)]
[(0,1),(2,3),(4,5),(6,7),(8,9),(10,11),(12,13),(14,15),(16,17),(0,17),(1,16),(2,10),(3,9),(4,13),(5,11),(6,12),(7,15),(8,14)]
[(0,1),(2,3),(4,5),(6,7),(8,9),(10,11),(12,13),(14,15),(16,17),(0,17),(1,9),(2,10),(3,11),(4,13),(5,12),(6,14),(7,15),(8,16)]
[(0,1),(2,3),(4,5),(6,7),(8,9),(10,11),(12,13),(14,15),(16,17),(0,10),(1,11),(2,15),(3,14),(4,9),(5,12),(6,16),(7,17),(8,13)]
[(0,1),(2,3),(4,5),(6,7),(8,9),(10,11),(12,13),(14,15),(16,17),(0,17),(1,16),(2,13),(3,14),(4,15),(5,10),(6,11),(7,12)]
[(0,1),(2,3),(4,5),(6,7),(8,9),(10,11),(12,13),(14,15),(16,17),(0,17),(1,9),(2,15),(3,10),(4,13),(5,6),(7,14),(8,16),(11,12)]
[(0,1),(2,3),(4,5),(6,7),(8,9),(10,11),(12,13),(14,15),(16,17),(0,17),(1,10),(2,15),(3,8),(4,13),(5,6),(7,16),(9,14),(11,12)]
[(0,1),(2,3),(4,5),(6,7),(8,9),(10,11),(12,13),(14,15),(16,17),(0,11),(1,16),(2,15),(3,14),(4,13),(5,7),(6,17),(10,12)]
[(0,1),(2,3),(4,5),(6,7),(8,9),(10,11),(12,13),(14,15),(16,17),(0,8),(1,16),(2,15),(3,11),(4,7),(5,12),(6,14),(9,17),(10,13)]
[(0,1),(2,3),(4,5),(6,7),(8,9),(10,11),(12,13),(14,15),(16,17),(0,17),(1,7),(2,15),(3,8),(4,13),(5,6),(9,14),(10,16),(11,12)]
[(0,1),(2,3),(4,5),(6,7),(8,9),(10,11),(12,13),(14,15),(16,17),(0,15),(1,16),(2,17),(3,13),(4,14),(5,8),(6,11),(7,10),(9,12)]
[(0,1),(2,3),(4,5),(6,7),(8,9),(10,11),(12,13),(14,15),(16,17),(0,17),(1,16),(2,8),(3,7),(4,13),(5,6),(9,15),(10,14),(11,12)]
[(0,1),(2,3),(4,5),(6,7),(8,9),(10,11),(12,13),(14,15),(16,17),(0,17),(1,16),(2,15),(3,9),(4,10),(5,6),(7,13),(8,14),(11,12)]
[(0,1),(2,3),(4,5),(6,7),(8,9),(10,11),(12,13),(14,15),(16,17),(0,11),(1,7),(2,9),(3,14),(4,13),(5,12),(6,17),(8,15),(10,16)]
[(0,1),(2,3),(4,5),(6,7),(8,9),(10,11),(12,13),(14,15),(16,17),(0,17),(1,16),(2,15),(3,10),(4,9),(5,6),(7,14),(8,13),(11,12)]
[(0,1),(2,3),(4,5),(6,7),(8,9),(10,11),(12,13),(14,15),(16,17),(0,9),(1,6),(2,15),(3,14),(4,13),(5,7),(8,17),(10,12),(11,16)]
[(0,1),(2,3),(4,5),(6,7),(8,9),(10,11),(12,13),(14,15),(16,17),(0,7),(1,9),(2,15),(3,6),(4,13),(5,12),(8,16),(10,17),(11,14)]
[(0,1),(2,3),(4,5),(6,7),(8,9),(10,11),(12,13),(14,15),(16,17),(0,17),(1,16),(2,15),(3,7),(4,8),(5,6),(9,13),(10,14),(11,12)]
[(0,1),(2,3),(4,5),(6,7),(8,9),(10,11),(12,13),(14,15),(16,17),(0,17),(1,16),(2,15),(3,9),(4,7),(5,6),(8,14),(10,13),(11,12)]
[(0,1),(2,3),(4,5),(6,7),(8,9),(10,11),(12,13),(14,15),(16,17),(0,7),(1,6),(2,15),(3,14),(4,13),(5,8),(9,12),(10,17),(11,16)]
[(0,1),(2,3),(4,5),(6,7),(8,9),(10,11),(12,13),(14,15),(16,17),(0,11),(1,16),(2,14),(3,15),(4,12),(5,13),(6,17),(7,10)]
[(0,1),(2,3),(4,5),(6,7),(8,9),(10,11),(12,13),(14,15),(16,17),(0,3),(1,16),(2,15),(4,11),(5,7),(6,13),(10,12),(14,17)]
[(0,1),(2,3),(4,5),(6,7),(8,9),(10,11),(12,13),(14,15),(16,17),(0,17),(1,16),(2,11),(3,14),(4,13),(5,12),(6,15),(7,10)]
[(0,1),(2,3),(4,5),(6,7),(8,9),(10,11),(12,13),(14,15),(16,17),(0,17),(1,3),(2,4),(5,12),(6,10),(7,11),(13,15),(14,16)]
[(0,1),(2,3),(4,5),(6,7),(8,9),(10,11),(12,13),(14,15),(16,17),(0,12),(1,8),(2,14),(3,15),(4,6),(5,17),(7,10),(9,16),(11,13)]
[(0,1),(2,3),(4,5),(6,7),(8,9),(10,11),(12,13),(14,15),(16,17),(0,17),(1,11),(2,10),(3,9),(4,12),(5,13),(6,16),(7,15),(8,14)]
[(0,1),(2,3),(4,5),(6,7),(8,9),(10,11),(12,13),(14,15),(16,17),(0,16),(1,17),(2,6),(3,7),(4,13),(5,12),(8,9),(10,14),(11,15)]
[(0,1),(2,3),(4,5),(6,7),(8,9),(10,11),(12,13),(14,15),(16,17),(0,16),(1,17),(2,12),(3,13),(4,14),(5,15),(6,11),(7,9),(8,10)]
[(0,1),(2,3),(4,5),(6,7),(8,9),(10,11),(12,13),(14,15),(16,17),(0,16),(1,17),(2,14),(3,15),(4,12),(5,13),(6,9),(7,10),(8,11)]
[(0,1),(2,3),(4,5),(6,7),(8,9),(10,11),(12,13),(14,15),(16,17),(0,17),(1,12),(2,15),(3,4),(5,16),(6,10),(7,11),(13,14)]
[(0,1),(2,3),(4,5),(6,7),(8,9),(10,11),(12,13),(14,15),(16,17),(0,17),(1,6),(2,14),(3,15),(4,10),(5,12),(7,13),(11,16)]
[(0,1),(2,3),(4,5),(6,7),(8,9),(10,11),(12,13),(14,15),(16,17),(0,17),(1,6),(2,10),(3,8),(4,12),(5,13),(7,15),(9,14),(11,16)]
[(0,1),(2,3),(4,5),(6,7),(8,9),(10,11),(12,13),(14,15),(16,17),(0,17),(1,6),(2,8),(3,7),(4,12),(5,13),(9,15),(10,14),(11,16)]
[(0,1),(2,3),(4,5),(6,7),(8,9),(10,11),(12,13),(14,15),(16,17),(0,17),(1,16),(2,14),(3,15),(4,7),(5,11),(6,12),(10,13)]
[(0,1),(2,3),(4,5),(6,7),(8,9),(10,11),(12,13),(14,15),(16,17),(0,7),(1,11),(2,15),(3,9),(4,12),(5,13),(6,16),(8,14),(10,17)]
[(0,1),(2,3),(4,5),(6,7),(8,9),(10,11),(12,13),(14,15),(16,17),(0,17),(1,8),(2,7),(3,11),(4,12),(5,13),(6,14),(9,16),(10,15)]
[(0,1),(2,3),(4,5),(6,7),(8,9),(10,11),(12,13),(14,15),(16,17),(0,16),(1,17),(2,7),(3,14),(4,9),(5,6),(8,13),(10,15),(11,12)]
[(0,1),(2,3),(4,5),(6,7),(8,9),(10,11),(12,13),(14,15),(16,17),(0,16),(1,17),(2,6),(3,14),(4,7),(5,8),(9,12),(10,13),(11,15)]
[(0,1),(2,3),(4,5),(6,7),(8,9),(10,11),(12,13),(14,15),(16,17),(0,5),(1,10),(2,14),(3,15),(4,13),(6,8),(7,16),(9,11),(12,17)]
[(0,1),(2,3),(4,5),(6,7),(8,9),(10,11),(12,13),(14,15),(16,17),(0,17),(1,7),(2,8),(3,6),(4,12),(5,13),(9,15),(10,16),(11,14)]
[(0,1),(2,3),(4,5),(6,7),(8,9),(10,11),(12,13),(14,15),(16,17),(0,16),(1,17),(2,15),(3,14),(4,7),(5,6),(10,13),(11,12)]
[(0,1),(2,3),(4,5),(6,7),(8,9),(10,11),(12,13),(14,15),(16,17),(0,17),(1,9),(2,11),(3,10),(4,12),(5,13),(6,15),(7,14),(8,16)]
[(0,1),(2,3),(4,5),(6,7),(8,9),(10,11),(12,13),(14,15),(16,17),(0,15),(1,14),(2,17),(3,16),(4,12),(5,13),(6,9),(7,10),(8,11)]
[(0,1),(2,3),(4,5),(6,7),(8,9),(10,11),(12,13),(14,15),(16,17),(0,10),(1,11),(2,9),(3,4),(5,12),(6,16),(7,17),(8,15),(13,14)]
[(0,1),(2,3),(4,5),(6,7),(8,9),(10,11),(12,13),(14,15),(16,17),(0,17),(1,2),(3,8),(4,10),(5,6),(7,13),(9,14),(11,12),(15,16)]
[(0,1),(2,3),(4,5),(6,7),(8,9),(10,11),(12,13),(14,15),(16,17),(0,11),(1,10),(2,5),(3,14),(4,9),(6,17),(7,16),(8,13),(12,15)]
[(0,1),(2,3),(4,5),(6,7),(8,9),(10,11),(12,13),(14,15),(16,17),(0,6),(1,7),(2,15),(3,5),(4,9),(8,13),(10,16),(11,17),(12,14)]
[(0,1),(2,3),(4,5),(6,7),(8,9),(10,11),(12,13),(14,15),(16,17),(0,10),(1,6),(2,15),(3,5),(4,9),(7,17),(8,13),(11,16),(12,14)]
[(0,1),(2,3),(4,5),(6,7),(8,9),(10,11),(12,13),(14,15),(16,17),(0,3),(1,2),(4,13),(5,7),(6,9),(8,11),(10,12),(14,17),(15,16)]
[(0,1),(2,3),(4,5),(6,7),(8,9),(10,11),(12,13),(14,15),(16,17),(0,17),(1,12),(2,6),(3,7),(4,8),(5,16),(9,13),(10,14),(11,15)]
[(0,1),(2,3),(4,5),(6,7),(8,9),(10,11),(12,13),(14,15),(16,17),(0,13),(1,16),(2,11),(3,7),(4,17),(5,9),(6,15),(8,12),(10,14)]
[(0,1),(2,3),(4,5),(6,7),(8,9),(10,11),(12,13),(14,15),(16,17),(0,7),(1,9),(2,5),(3,4),(6,11),(8,16),(10,17),(12,15),(13,14)]
[(0,1),(2,3),(4,5),(6,7),(8,9),(10,11),(12,13),(14,15),(16,17),(0,6),(1,7),(2,15),(3,5),(4,8),(9,13),(10,16),(11,17),(12,14)]
[(0,1),(2,3),(4,5),(6,7),(8,9),(10,11),(12,13),(14,15),(16,17),(0,7),(1,11),(2,15),(3,13),(4,14),(5,9),(6,16),(8,12),(10,17)]
[(0,1),(2,3),(4,5),(6,7),(8,9),(10,11),(12,13),(14,15),(16,17),(0,12),(1,16),(2,11),(3,10),(4,8),(5,17),(6,15),(7,14),(9,13)]
[(0,1),(2,3),(4,5),(6,7),(8,9),(10,11),(12,13),(14,15),(16,17),(0,17),(1,4),(2,11),(3,14),(5,10),(6,15),(7,12),(13,16)]
[(0,1),(2,3),(4,5),(6,7),(8,9),(10,11),(12,13),(14,15),(16,17),(0,5),(1,8),(2,15),(3,6),(4,7),(9,16),(10,13),(11,14),(12,17)]
[(0,1),(2,3),(4,5),(6,7),(8,9),(10,11),(12,13),(14,15),(16,17),(0,5),(1,10),(2,11),(3,14),(4,8),(6,15),(7,16),(9,13),(12,17)]
[(0,1),(2,3),(4,5),(6,7),(8,9),(10,11),(12,13),(14,15),(16,17),(0,5),(1,6),(2,15),(3,14),(4,7),(10,13),(11,16),(12,17)]
[(0,1),(2,3),(4,5),(6,7),(8,9),(10,11),(12,13),(14,15),(16,17),(0,17),(1,9),(2,5),(3,6),(4,7),(8,16),(10,13),(11,14),(12,15)]
[(0,1),(2,3),(4,5),(6,7),(8,9),(10,11),(12,13),(14,15),(16,17),(0,17),(1,8),(2,11),(3,12),(4,7),(5,14),(6,15),(9,16),(10,13)]
[(0,1),(2,3),(4,5),(6,7),(8,9),(10,11),(12,13),(14,15),(16,17),(0,12),(1,16),(2,6),(3,14),(4,7),(5,17),(10,13),(11,15)]
[(0,1),(2,3),(4,5),(6,7),(8,9),(10,11),(12,13),(14,15),(16,17),(0,17),(1,12),(2,15),(3,7),(4,11),(5,16),(6,13),(8,9),(10,14)]
[(0,1),(2,3),(4,5),(6,7),(8,9),(10,11),(12,13),(14,15),(16,17),(0,17),(1,11),(2,5),(3,8),(4,7),(6,16),(9,14),(10,13),(12,15)]
[(0,1),(2,3),(4,5),(6,7),(8,9),(10,11),(12,13),(14,15),(16,17),(0,7),(1,9),(2,12),(3,6),(4,13),(5,15),(8,16),(10,17),(11,14)]
[(0,1),(2,3),(4,5),(6,7),(8,9),(10,11),(12,13),(14,15),(16,17),(0,17),(1,5),(2,9),(3,11),(4,7),(6,14),(8,15),(10,13),(12,16)]
[(0,1),(2,3),(4,5),(6,7),(8,9),(10,11),(12,13),(14,15),(16,17),(0,10),(1,8),(2,11),(3,12),(4,13),(5,14),(6,15),(7,17),(9,16)]
[(0,1),(2,3),(4,5),(6,7),(8,9),(10,11),(12,13),(14,15),(16,17),(0,8),(1,7),(2,12),(3,14),(4,11),(5,15),(6,13),(9,17),(10,16)]
[(0,1),(2,3),(4,5),(6,7),(8,9),(10,11),(12,13),(14,15),(16,17),(0,8),(1,5),(2,15),(3,6),(4,7),(9,17),(10,13),(11,14),(12,16)]
[(0,1),(2,3),(4,5),(6,7),(8,9),(10,11),(12,13),(14,15),(16,17),(0,16),(1,17),(2,7),(3,12),(4,11),(5,14),(6,13),(10,15)]
[(0,1),(2,3),(4,5),(6,7),(8,9),(10,11),(12,13),(14,15),(16,17),(0,17),(1,16),(2,5),(3,10),(4,6),(7,14),(11,13),(12,15)]
[(0,1),(2,3),(4,5),(6,7),(8,9),(10,11),(12,13),(14,15),(16,17),(0,17),(1,9),(2,12),(3,6),(4,7),(5,15),(8,16),(10,13),(11,14)]
[(0,1),(2,3),(4,5),(6,7),(8,9),(10,11),(12,13),(14,15),(16,17),(0,11),(1,16),(2,10),(3,12),(4,8),(5,14),(6,17),(7,15),(9,13)]
[(0,1),(2,3),(4,5),(6,7),(8,9),(10,11),(12,13),(14,15),(16,17),(0,5),(1,10),(2,9),(3,14),(4,6),(7,16),(8,15),(11,13),(12,17)]
[(0,1),(2,3),(4,5),(6,7),(8,9),(10,11),(12,13),(14,15),(16,17),(0,17),(1,12),(2,11),(3,8),(4,10),(5,16),(6,15),(7,13),(9,14)]
[(0,1),(2,3),(4,5),(6,7),(8,9),(10,11),(12,13),(14,15),(16,17),(0,11),(1,16),(2,10),(3,5),(4,13),(6,17),(7,15),(12,14)]
[(0,1),(2,3),(4,5),(6,7),(8,9),(10,11),(12,13),(14,15),(16,17),(0,7),(1,9),(2,15),(3,5),(4,6),(8,16),(10,17),(11,13),(12,14)]
[(0,1),(2,3),(4,5),(6,7),(8,9),(10,11),(12,13),(14,15),(16,17),(0,10),(1,16),(2,5),(3,8),(4,6),(7,17),(9,14),(11,13),(12,15)]
[(0,1),(2,3),(4,5),(6,7),(8,9),(10,11),(12,13),(14,15),(16,17),(0,6),(1,5),(2,15),(3,14),(4,10),(7,13),(11,17),(12,16)]
[(0,1),(2,3),(4,5),(6,7),(8,9),(10,11),(12,13),(14,15),(16,17),(0,10),(1,5),(2,15),(3,9),(4,6),(7,17),(8,14),(11,13),(12,16)]
[(0,1),(2,3),(4,5),(6,7),(8,9),(10,11),(12,13),(14,15),(16,17),(0,17),(1,8),(2,10),(3,5),(4,6),(7,15),(9,16),(11,13),(12,14)]
[(0,1),(2,3),(4,5),(6,7),(8,9),(10,11),(12,13),(14,15),(16,17),(0,5),(1,16),(2,9),(3,11),(4,10),(6,14),(7,13),(8,15),(12,17)]
[(0,1),(2,3),(4,5),(6,7),(8,9),(10,11),(12,13),(14,15),(16,17),(0,17),(1,7),(2,9),(3,5),(4,6),(8,15),(10,16),(11,13),(12,14)]
[(0,1),(2,3),(4,5),(6,7),(8,9),(10,11),(12,13),(14,15),(16,17),(0,17),(1,10),(2,8),(3,5),(4,6),(7,16),(9,15),(11,13),(12,14)]
[(0,1),(2,3),(4,5),(6,7),(8,9),(10,11),(12,13),(14,15),(16,17),(0,6),(1,9),(2,15),(3,5),(4,10),(7,13),(8,16),(11,17),(12,14)]
[(0,1),(2,3),(4,5),(6,7),(8,9),(10,11),(12,13),(14,15),(16,17),(0,12),(1,10),(2,15),(3,14),(4,6),(5,17),(7,16),(11,13)]
[(0,1),(2,3),(4,5),(6,7),(8,9),(10,11),(12,13),(14,15),(16,17),(0,6),(1,12),(2,8),(3,14),(4,10),(5,16),(7,13),(9,15),(11,17)]
[(0,1),(2,3),(4,5),(6,7),(8,9),(10,11),(12,13),(14,15),(16,17),(0,17),(1,8),(2,10),(3,13),(4,14),(5,6),(7,15),(9,16),(11,12)]
[(0,1),(2,3),(4,5),(6,7),(8,9),(10,11),(12,13),(14,15),(16,17),(0,11),(1,15),(2,16),(3,10),(4,12),(5,13),(6,17),(7,14)]
[(0,1),(2,3),(4,5),(6,7),(8,9),(10,11),(12,13),(14,15),(16,17),(0,10),(1,5),(2,14),(3,15),(4,6),(7,17),(11,13),(12,16)]
[(0,1),(2,3),(4,5),(6,7),(8,9),(10,11),(12,13),(14,15),(16,17),(0,16),(1,17),(2,4),(3,7),(5,6),(10,14),(11,12),(13,15)]
[(0,1),(2,3),(4,5),(6,7),(8,9),(10,11),(12,13),(14,15),(16,17),(0,2),(1,7),(3,13),(4,14),(5,11),(6,12),(8,9),(10,16),(15,17)]
[(0,1),(2,3),(4,5),(6,7),(8,9),(10,11),(12,13),(14,15),(16,17),(0,16),(1,17),(2,6),(3,7),(4,12),(5,13),(8,9),(10,14),(11,15)]
[(0,1),(2,3),(4,5),(6,7),(8,9),(10,11),(12,13),(14,15),(16,17),(0,10),(1,6),(2,14),(3,15),(4,12),(5,13),(7,17),(11,16)]
[(0,1),(2,3),(4,5),(6,7),(8,9),(10,11),(12,13),(14,15),(16,17),(0,13),(1,2),(3,6),(4,17),(5,10),(7,12),(11,14),(15,16)]
[(0,1),(2,3),(4,5),(6,7),(8,9),(10,11),(12,13),(14,15),(16,17),(0,2),(1,4),(3,6),(5,12),(7,10),(8,9),(11,14),(13,16),(15,17)]
[(0,1),(2,3),(4,5),(6,7),(8,9),(10,11),(12,13),(14,15),(16,17),(0,13),(1,14),(2,10),(3,16),(4,17),(5,11),(6,12),(7,15),(8,9)]
[(0,1),(2,3),(4,5),(6,7),(8,9),(10,11),(12,13),(14,15),(16,17),(0,10),(1,5),(2,6),(3,4),(7,17),(11,15),(12,16),(13,14)]
[(0,1),(2,3),(4,5),(6,7),(8,9),(10,11),(12,13),(14,15),(16,17),(0,12),(1,10),(2,13),(3,11),(4,15),(5,17),(6,14),(7,16)]
[(0,1),(2,3),(4,5),(6,7),(8,9),(10,11),(12,13),(14,15),(16,17),(0,13),(1,12),(2,10),(3,11),(4,17),(5,16),(6,14),(7,15),(8,9)]
[(0,1),(2,3),(4,5),(6,7),(8,9),(10,11),(12,13),(14,15),(16,17),(0,17),(1,3),(2,15),(4,11),(5,10),(6,13),(7,12),(8,9),(14,16)]
[(0,1),(2,3),(4,5),(6,7),(8,9),(10,11),(12,13),(14,15),(16,17),(0,17),(1,16),(2,15),(3,14),(4,7),(5,6),(8,9),(10,13),(11,12)]